#include <iostream>
using namespace std;

int main() {
	setlocale(0, "");
	int choice;
	int arr1[15][15] = {
		{1,0,1,1,1,1,1,1,1,1,1,1,1,1,1 },
		{1,0,0,1,1,1,1,1,1,1,1,0,0,1,1 },
		{1,1,0,0,0,1,1,1,1,1,1,0,1,1,1 },
		{1,1,1,0,0,0,0,1,1,1,1,0,0,0,1 },
		{1,1,1,0,1,1,0,1,0,0,0,1,1,1,1 },
		{1,1,1,0,1,1,0,0,0,1,0,1,1,1,1 },
		{1,1,0,0,1,1,1,0,1,1,1,1,1,1,1 },
		{1,0,0,1,1,0,1,1,0,1,1,1,1,1,1 },
		{1,1,1,1,1,0,1,1,0,0,0,1,1,1,1 },
		{1,1,1,1,1,0,1,1,1,1,0,0,1,1,1 },
		{1,1,1,1,0,1,1,1,1,1,0,0,1,1,1 },
		{1,1,1,0,0,1,1,1,1,1,1,0,0,0,1 },
		{1,1,1,1,1,1,1,1,1,0,0,0,1,0,0 },
		{1,1,1,1,1,1,1,1,1,1,1,1,1,1,1 },
		{1,1,1,1,1,1,1,1,1,1,1,1,1,1,1 },
	};
	int arr2[20][20] = {
		{1,1,1,1,1,1,1,1,1,1,1,1,1,1,1,1,1,1,1,1 },
		{1,1,0,0,1,1,1,1,1,1,1,1,1,0,0,1,1,1,1,1 },
		{1,1,1,0,0,1,1,1,1,1,1,1,1,0,1,1,1,1,1,1 },
		{1,1,1,1,0,1,1,1,1,1,1,1,0,0,1,1,1,1,1,1 },
		{1,1,1,1,0,1,1,1,1,1,1,1,0,1,1,1,1,1,1,1 },
		{1,1,1,1,0,0,0,0,0,0,0,0,0,0,0,1,1,1,1,1 },
		{1,1,1,1,0,1,1,1,1,1,0,1,1,1,0,0,0,1,1,1 },
		{1,1,0,0,0,1,1,1,1,1,0,1,1,1,1,1,0,1,1,1 },
		{1,1,0,1,1,1,1,1,1,1,0,0,1,1,1,1,0,1,0,0 },
		{1,1,0,1,1,1,1,1,1,1,1,0,1,1,1,1,0,0,0,1 },
		{1,1,0,1,1,1,1,0,0,0,0,0,0,1,1,1,1,1,1,1 },
		{1,1,0,0,0,0,0,0,1,1,1,1,0,0,0,1,1,1,1,1 },
		{1,1,1,1,0,1,1,1,1,1,1,1,1,1,0,0,1,1,1,1 },
		{1,1,1,1,0,1,1,1,1,1,1,1,1,1,1,0,1,1,1,1 },
		{1,1,1,1,0,1,1,1,1,1,1,1,1,1,0,0,1,1,1,1 },
		{1,1,1,0,0,0,1,0,0,0,0,1,1,0,0,1,1,1,1,1 },
		{1,1,0,0,1,0,0,0,1,1,0,0,1,0,1,1,1,1,1,1 },
		{1,1,0,1,1,1,1,1,1,1,1,0,0,0,1,1,1,1,1,1 },
		{1,1,0,1,1,1,1,1,1,1,1,1,1,1,1,1,1,1,1,1 },
		{1,1,0,1,1,1,1,1,1,1,1,1,1,1,1,1,1,1,1,1 },
	};
	int arr3[30][30] = {
		{1,1,0,1,1,1,1,1,1,1,1,1,1,1,1,1,1,1,1,1,1,1,1,1,1,1,1,1,1,1 },
		{1,0,0,0,1,1,1,1,0,0,0,1,1,1,1,1,1,1,1,1,1,1,1,1,1,1,1,1,1,1 },
		{1,0,1,0,0,0,0,0,0,1,0,1,1,1,1,1,0,0,0,0,1,1,1,0,0,0,0,0,0,1 },
		{1,0,1,1,1,1,1,1,1,1,0,1,1,1,1,1,0,1,1,0,1,1,0,0,1,1,0,1,1,1 },
		{1,0,1,1,1,1,1,1,1,1,0,0,1,1,0,0,0,1,1,0,0,0,0,1,1,1,0,1,1,1 },
		{1,0,1,1,1,1,1,1,1,1,1,0,0,0,0,1,1,1,1,1,1,0,0,1,1,0,0,1,1,1 },
		{1,0,0,0,1,1,1,1,1,1,1,0,1,1,1,1,1,1,1,1,1,0,1,1,1,0,1,1,1,1 },
		{1,1,1,0,1,1,1,1,1,1,1,0,0,0,0,0,0,1,1,1,1,0,1,1,1,0,1,1,1,1 },
		{1,1,1,0,1,1,1,1,1,1,1,0,1,1,1,1,0,1,1,1,0,0,1,1,1,0,1,1,1,1 },
		{1,1,1,0,0,0,1,1,1,0,0,0,1,1,1,1,0,1,1,0,0,1,1,1,1,0,0,1,1,1 },
		{1,1,1,1,1,0,1,1,1,0,1,1,1,1,1,1,0,1,1,0,1,1,1,1,1,1,0,0,1,1 },
		{1,1,1,1,1,0,1,1,1,0,0,1,1,1,1,1,0,1,1,0,1,1,1,1,1,1,1,0,1,1 },
		{1,1,1,1,1,0,1,1,1,1,0,0,1,1,1,1,0,0,0,0,1,1,1,1,1,1,1,0,1,1 },
		{1,1,1,1,0,1,1,1,1,1,1,0,1,1,0,0,1,1,1,0,1,1,1,1,1,1,1,0,1,1 },
		{1,1,1,1,0,1,1,1,1,1,1,0,0,0,0,1,1,1,0,0,1,1,1,1,1,1,1,0,1,1 },
		{1,1,1,0,0,1,1,1,1,1,1,1,1,1,1,1,1,0,0,1,1,1,1,1,1,1,1,0,1,1 },
		{1,1,1,0,1,1,1,1,1,1,0,0,0,0,0,0,0,0,0,0,1,1,1,1,1,1,0,0,1,1 },
		{1,1,1,0,1,1,1,1,1,1,0,1,1,1,1,1,1,1,1,0,1,1,1,1,1,0,0,1,1,1 },
		{1,1,1,0,1,1,1,1,1,1,0,1,1,1,1,1,1,1,1,0,0,0,1,1,1,0,1,1,1,1 },
		{1,1,1,0,0,1,1,1,1,1,0,1,1,1,1,1,1,1,1,1,1,0,1,1,1,0,1,1,1,1 },
		{1,1,1,1,0,1,1,1,1,1,0,1,1,1,1,1,1,1,1,1,1,0,0,1,0,0,1,1,1,1 },
		{1,1,1,1,0,0,0,0,0,1,0,0,0,1,1,1,1,1,1,1,1,1,0,1,0,1,1,1,1,1 },
		{1,1,1,1,1,1,1,1,0,1,1,1,0,1,1,1,1,1,1,1,1,1,0,0,0,1,1,1,1,1 },
		{1,1,1,1,1,1,1,1,0,0,0,0,0,1,1,1,1,0,1,1,1,1,1,0,1,1,1,1,1,1 },
		{1,1,1,1,1,1,1,1,1,0,1,1,1,1,1,1,0,0,1,1,1,1,1,0,1,1,1,1,1,1 },
		{1,1,1,1,1,1,1,1,1,0,1,1,1,1,0,0,0,1,1,1,1,1,1,0,0,1,1,1,1,1 },
		{1,1,1,1,1,1,1,0,0,0,0,0,0,0,0,1,1,1,1,1,1,1,1,1,0,0,0,1,1,1 },
		{1,1,1,1,1,1,1,0,1,1,1,1,1,1,1,1,1,1,1,1,1,1,1,1,1,1,1,1,1,1 },
		{1,1,1,1,1,0,0,0,1,1,1,1,1,1,1,1,1,1,1,1,1,1,1,1,1,1,1,1,1,1 },
		{1,1,1,1,1,0,1,1,1,1,1,1,1,1,1,1,1,1,1,1,1,1,1,1,1,1,1,1,1,1 },
	};
	cout << "лабиринт" << endl;
	cout << "[1] - 15 x 15" << endl;
	cout << "[2] - 20 x 20" << endl;
	cout << "[3] - 30 x 30" << endl;
	cout << "выбери размер карты: ";
	cin >> choice;
	switch (choice) {
	case 1: {
		for (int y = 0; y < 15; y++) {
			for (int x = 0; x < 15; x++) {
				if (arr1[y][x] == 1) {
					cout << " #";
				}
				else if (arr1[y][x] == 0) {
					cout << " .";
				}
			}
			cout << endl;
		}
		break;
	}
	case 2: {
		for (int y = 0; y < 20; y++) {
			for (int x = 0; x < 20; x++) {
				if (arr2[y][x] == 1) {
					cout << " #";
				}
				else if (arr2[y][x] == 0) {
					cout << " .";
				}
			}
			cout << endl;
		}
		break;
	}
	case 3: {
		for (int y = 0; y < 30; y++) {
			for (int x = 0; x < 30; x++) {
				if (arr3[y][x] == 1) {
					cout << " #";
				}
				else if (arr3[y][x] == 0) {
					cout << " .";
				}
			}
			cout << endl;
		}
	}
	}
}
